<?xml version="1.0" encoding="UTF-8" standalone="no" ?>
<SimscapeMultibodyImportXML version="2.0" xmlns="urn:mathworks:SimscapeMultibody:import" xmlns:xsi="http://www.w3.org/2001/XMLSchema-instance">
<Created by="" on="07/08/24||08:54:50" using="Simscape Multibody Link Version 7.4" from="SolidWorks 31.2.1"/>
<ModelUnits mass="kilogram" length="millimeter"/>
<DataUnits mass="kilogram" length="meter"/>
<RootAssembly name="Assem1" uid="Assem1" version="239">
<AssemblyFile name="Assem1.SLDASM" type="SolidWorks Assembly"/>
<InstanceTree>
<Instance name="seedling_full-2" uid="seedling_full-2" entityUid="seedling_full*:*Default">
<Transform>
<Rotation>1 0 0 0 -3.4914813388431334e-15 -1 0 1 -3.4914813388431334e-15</Rotation>
<Translation>-1.5207935401268582 -4.9179074328385974 0.13928109641085473</Translation>
</Transform>
</Instance>
<Instance name="R1 Matlab Sim-1" uid="R1 Matlab Sim-1" entityUid="R1 Matlab Sim">
<Transform>
<Rotation>-0.35405222830665112 -0.30095096256995196 -0.88548039942130519 -0.85088883147787542 -0.2892666944593657 0.43853503388300458 -0.38811752871689637 0.90870968829696741 -0.15366029512505058</Rotation>
<Translation>-6.4021629028799119 -7.2906793278853135 -1.2518884961654337</Translation>
</Transform>
<Instance name="gripper v4 gear-3" uid="gripper v4 gear-3" entityUid="gripper v4 gear*:*Metric - Spur gear 1.5M 14T 20PA 10FW ---S14N75H50L3N">
<Transform>
<Rotation>0.38811752871689253 -0.30160692129825417 0.87086052208587383 -0.90870968829696941 -0.28278694366803769 0.30704762967024302 0.15366029512504739 -0.91052996080078474 -0.38382770117098719</Rotation>
<Translation>-4.3841764998000619 -0.84660535794012004 -3.5906604333672703</Translation>
</Transform>
</Instance>
<Instance name="gripper v4 gear-4" uid="gripper v4 gear-4" entityUid="gripper v4 gear*:*Metric - Spur gear 1.5M 14T 20PA 10FW ---S14N75H50L3N">
<Transform>
<Rotation>-0.38811752871689281 0.87086052208587461 -0.30160692129825151 0.90870968829696885 0.30704762967024291 -0.28278694366803958 -0.15366029512505008 -0.38382770117098536 -0.91052996080078508</Rotation>
<Translation>-4.3647769047648444 -0.76020443299116147 -3.4775275340610485</Translation>
</Transform>
</Instance>
<Instance name="gripper v4 gear-2" uid="gripper v4 gear-2" entityUid="gripper v4 gear*:*Metric - Spur gear 1.5M 14T 20PA 10FW ---S14N75H50L3N">
<Transform>
<Rotation>0.38811752871689287 -0.30160692129825339 0.87086052208587394 -0.90870968829696896 -0.28278694366803925 0.30704762967024279 0.15366029512504906 -0.91052996080078441 -0.38382770117098702</Rotation>
<Translation>-4.2323654056417386 -0.70984566302077168 -3.1368160955430078</Translation>
</Transform>
</Instance>
<Instance name="Flipping_with_dual_shaft part-1" uid="Flipping_with_dual_shaft part-1" entityUid="Flipping_with_dual_shaft part*:*Default">
<Transform>
<Rotation>-0.30160692129825289 -0.38811752871689359 0.87086052208587383 -0.28278694366803786 0.90870968829696896 0.30704762967024435 -0.91052996080078508 -0.15366029512504756 -0.38382770117098625</Rotation>
<Translation>-4.5132104839265859 -0.86984571651513143 -3.4690567380518171</Translation>
</Transform>
</Instance>
<Instance name="R1 Chassis 6.0^r1 new chassis final part-1" uid="R1 Chassis 6.0^r1 new chassis final part-1" entityUid="R1 Chassis 6.0^r1 new chassis final part*:*Default">
<Transform>
<Rotation>0.30160692129825328 -0.3881175287168962 -0.8708605220858725 0.28278694366804141 0.90870968829696741 -0.30704762967024535 0.91052996080078386 -0.15366029512504986 0.38382770117098824</Rotation>
<Translation>-4.1840722193296802 -0.9374255456463052 -3.8166407368929605</Translation>
</Transform>
</Instance>
<Instance name="Omni wheel 127 part-1" uid="Omni wheel 127 part-1" entityUid="Omni wheel 127 part*:*Default">
<Transform>
<Rotation>0.98672221585096032 0.11090368694743508 -0.11865766291157265 -0.097142995611839394 0.98847892346945809 0.11607177202153479 0.13016338636394356 -0.10300383525930626 0.98612763006222703</Rotation>
<Translation>-4.6027716811964874 -1.0048803863521718 -2.8630442773217992</Translation>
</Transform>
</Instance>
<Instance name="gripper v4 gear-1" uid="gripper v4 gear-1" entityUid="gripper v4 gear*:*Metric - Spur gear 1.5M 14T 20PA 10FW ---S14N75H50L3N">
<Transform>
<Rotation>-0.38811752871689226 0.8708605220858755 -0.30160692129824973 0.90870968829696908 0.30704762967024324 -0.28278694366803836 -0.15366029512504972 -0.38382770117098325 -0.91052996080078608</Rotation>
<Translation>-4.2129658106064927 -0.62344473807181888 -3.0236831962368012</Translation>
</Transform>
</Instance>
<Instance name="Omni wheel 127 part-3" uid="Omni wheel 127 part-3" entityUid="Omni wheel 127 part*:*Default">
<Transform>
<Rotation>0.68011422789418452 -0.32222614068334071 -0.65849445804518136 -0.67459936042942803 -0.62670049002857064 -0.39007973378035943 -0.28698491236318302 0.7095187172008004 -0.64360146831531295</Rotation>
<Translation>-4.745153133793611 -1.1383773752197877 -3.2928838111559884</Translation>
</Transform>
</Instance>
<Instance name="Omni wheel 127 part-2" uid="Omni wheel 127 part-2" entityUid="Omni wheel 127 part*:*Default">
<Transform>
<Rotation>0.27436173708076961 0.40783279453514232 -0.87086052208587295 -0.95156790117457501 -0.015501050548196768 -0.30704762967024596 -0.13872334583709001 0.91292504025991028 0.38382770117098702</Rotation>
<Translation>-4.339340323624179 -0.95364801809055755 -3.2254474475646226</Translation>
</Transform>
</Instance>
<Instance name="Flipping_with_dual_shaft part-2" uid="Flipping_with_dual_shaft part-2" entityUid="Flipping_with_dual_shaft part*:*Default">
<Transform>
<Rotation>-0.30160692129825406 -0.38811752871689331 0.8708605220858735 -0.28278694366803903 0.90870968829696885 0.30704762967024346 -0.9105299608007843 -0.15366029512504831 -0.38382770117098758</Rotation>
<Translation>-4.3607056938492814 -0.7324356116253723 -3.0131181813177159</Translation>
</Transform>
</Instance>
<Instance name="Flipping_with_dual_shaft gripper part.SLDASM-1" uid="Flipping_with_dual_shaft gripper part.SLDASM-1" entityUid="Flipping_with_dual_shaft gripper part.SLDASM*:*Default">
<Transform>
<Rotation>-0.3134237262113645 -0.27819682516688754 0.90794938973207517 -0.28693698639581106 0.93917728695794944 0.18871457151051013 -0.9052252392006499 -0.20137663749643231 -0.37418540348970952</Rotation>
<Translation>-4.5146412080360294 -0.87827506157620805 -3.4445959007002362</Translation>
</Transform>
</Instance>
<Instance name="Flipping_with_dual_shaft gripper part.SLDASM-2" uid="Flipping_with_dual_shaft gripper part.SLDASM-2" entityUid="Flipping_with_dual_shaft gripper part.SLDASM*:*Default">
<Transform>
<Rotation>-0.3134237262113645 -0.2781968251668861 0.90794938973207562 -0.28693698639581117 0.93917728695794966 0.18871457151050863 -0.90522523920064979 -0.20137663749643303 -0.3741854034897093</Rotation>
<Translation>-4.3628301138776999 -0.74151536665686946 -2.9907515628759618</Translation>
</Transform>
</Instance>
<Instance name="spur_gear-1" uid="spur_gear-1" entityUid="spur_gear*:*Default">
<Transform>
<Rotation>0.3881175287168927 0.78191237678377778 0.48782970280112659 -0.90870968829696908 0.23642328971912357 0.34402140990585534 0.15366029512504886 -0.57681631661277666 0.80229137511963322</Rotation>
<Translation>-4.2211678787007898 -0.62506948821264663 -3.0426017057801267</Translation>
</Transform>
</Instance>
<Instance name="spur_gear-4" uid="spur_gear-4" entityUid="spur_gear*:*Default">
<Transform>
<Rotation>-0.3881175287168927 0.10026030936065888 0.91614008441373029 0.90870968829696908 0.20737235925926437 0.36227531935045176 -0.15366029512504908 0.97311077220538034 -0.17159236206757933</Rotation>
<Translation>-4.2240805769870953 -0.70817927842767725 -3.1178604078465324</Translation>
</Transform>
</Instance>
<Instance name="spur_gear-2" uid="spur_gear-2" entityUid="spur_gear*:*Default">
<Transform>
<Rotation>-0.38811752871689198 0.10026030936065958 0.91614008441373052 0.90870968829696952 0.20737235925926351 0.36227531935045143 -0.15366029512504806 0.97311077220538045 -0.17159236206757969</Rotation>
<Translation>-4.3758916711454159 -0.84493897334702828 -3.5717047456707904</Translation>
</Transform>
</Instance>
<Instance name="spur_gear-3" uid="spur_gear-3" entityUid="spur_gear*:*Default">
<Transform>
<Rotation>0.38811752871689303 0.78191237678377734 0.48782970280112692 -0.90870968829696896 0.23642328971912402 0.34402140990585522 0.15366029512504836 -0.5768163166127771 0.802291375119633</Rotation>
<Translation>-4.3729789728591202 -0.76182918313197989 -3.4964460436043945</Translation>
</Transform>
</Instance>
</Instance>
<Instance name="arena_complete-1" uid="arena_complete-1" grounded="true" entityUid="arena_complete" rigid="true">
<Transform>
<Rotation>0.99814603883241082 0 -0.060864481951031259 -0.060864481951031259 1.1558658126065563e-16 -0.99814603883241082 0 1 1.1353475033570538e-16</Rotation>
<Translation>2.3468420271690933 -1.7909975961954081 -0.27195749790204782</Translation>
</Transform>
<Instance name="ramp-2" uid="ramp-2" entityUid="ramp*:*Default">
<Transform>
<Rotation>1 0 0 0 1 0 0 0 1</Rotation>
<Translation>0.59827148668175978 0.36827705784244208 -0.83077027620770061</Translation>
</Transform>
</Instance>
<Instance name="area1_floor-1" uid="area1_floor-1" entityUid="area1_floor*:*Default">
<Transform>
<Rotation>1 0 0 0 1 0 0 0 1</Rotation>
<Translation>-6.6017285133182408 0.16827705784244379 6.1692297237922373</Translation>
</Transform>
</Instance>
<Instance name="area2-1" uid="area2-1" entityUid="area2*:*Default">
<Transform>
<Rotation>1 0 0 0 1 0 0 0 1</Rotation>
<Translation>-6.6017285133182408 0.26827705784244382 2.1692297237922373</Translation>
</Transform>
</Instance>
<Instance name="area3-1" uid="area3-1" entityUid="area3*:*Default">
<Transform>
<Rotation>1 0 0 0 1 0 0 0 1</Rotation>
<Translation>-3.3517285133182413 0.3682770578424423 -1.8307702762077003</Translation>
</Transform>
</Instance>
<Instance name="area3_ramp-1" uid="area3_ramp-1" grounded="true" entityUid="area3_ramp*:*Default">
<Transform>
<Rotation>1 0 0 0 1 0 0 0 1</Rotation>
<Translation>-4.3517285133182781 0.36827705784244247 -1.8307702762077158</Translation>
</Transform>
</Instance>
<Instance name="area3_ramp-2" uid="area3_ramp-2" grounded="true" entityUid="area3_ramp*:*Default">
<Transform>
<Rotation>-1 0 -6.9805272673306717e-15 0 1 0 6.9805272673306717e-15 0 -1</Rotation>
<Translation>3.148271486681681 0.36827705784244241 -5.8307702762077378</Translation>
</Transform>
</Instance>
<Instance name="ramp-1" uid="ramp-1" entityUid="ramp*:*Default">
<Transform>
<Rotation>1 0 0 0 1 0 0 0 1</Rotation>
<Translation>-2.8017285133182401 0.36827705784244325 -0.83077027620770094</Translation>
</Transform>
</Instance>
<Instance name="silo_base-3" uid="silo_base-3" entityUid="silo_base*:*Default">
<Transform>
<Rotation>1 0 0 0 1 0 0 0 1</Rotation>
<Translation>-0.7267285133182404 0.46827705784244245 -1.8307702762077191</Translation>
</Transform>
</Instance>
<Instance name="water_zone-2" uid="water_zone-2" entityUid="water_zone*:*Default">
<Transform>
<Rotation>1 0 0 0 1 0 0 0 1</Rotation>
<Translation>1.5982714866817593 0.36827705784244191 -0.83077027620770061</Translation>
</Transform>
</Instance>
<Instance name="seedling_full-2" uid="seedling_full-2" entityUid="seedling_full*:*Default">
<Transform>
<Rotation>0.93542211458630364 0 -0.35353283799795554 0 1 0 0.35353283799795554 0 0.93542211458630364</Rotation>
<Translation>-4.0305718128855439 0.32123859431252416 6.0397950642154754</Translation>
</Transform>
</Instance>
<Instance name="silo-1" uid="silo-1" entityUid="silo*:*Default">
<Transform>
<Rotation>0.99412116132964956 1.0575977611332457e-05 0.10827334152383619 -8.482368019088861e-06 0.99999999976806619 -1.9796895826342863e-05 -0.10827334170809547 1.8762098740144398e-05 0.99412116118878879</Rotation>
<Translation>-0.75887237333453617 0.71036003905063216 -5.2702783029584346</Translation>
</Transform>
</Instance>
<Instance name="water_zone-1" uid="water_zone-1" entityUid="water_zone*:*Default">
<Transform>
<Rotation>1 0 0 0 1 0 0 0 1</Rotation>
<Translation>-6.6017285133182417 0.3682770578424438 -0.83077027620770116</Translation>
</Transform>
</Instance>
<Instance name="silo_base-2" uid="silo_base-2" entityUid="silo_base*:*Default">
<Transform>
<Rotation>1 0 0 0 1 0 0 0 1</Rotation>
<Translation>-0.72672851331824084 0.3682770578424438 2.1692297237922373</Translation>
</Transform>
</Instance>
<Instance name="ramp-4" uid="ramp-4" entityUid="ramp*:*Default">
<Transform>
<Rotation>1 0 0 0 1 0 0 0 1</Rotation>
<Translation>-6.6017285133182408 0.26827705784244382 3.1692297237922382</Translation>
</Transform>
</Instance>
<Instance name="seedling_rack_new-1" uid="seedling_rack_new-1" entityUid="seedling_rack_new*:*Default">
<Transform>
<Rotation>1 0 0 0 1 0 0 0 1</Rotation>
<Translation>-2.926728513318241 0.26827705784244421 6.0442297237922382</Translation>
</Transform>
</Instance>
<Instance name="silo_base-1" uid="silo_base-1" entityUid="silo_base*:*Default">
<Transform>
<Rotation>1 0 0 0 1 0 0 0 1</Rotation>
<Translation>-0.72672851331824084 0.26827705784244388 6.1692297237922373</Translation>
</Transform>
</Instance>
<Instance name="seedling_full-4" uid="seedling_full-4" entityUid="seedling_full*:*Default">
<Transform>
<Rotation>1 0 0 0 1 0 0 0 1</Rotation>
<Translation>-3.5335058656475669 0.32123859431252422 6.0326018568068207</Translation>
</Transform>
</Instance>
<Instance name="ramp-3" uid="ramp-3" entityUid="ramp*:*Default">
<Transform>
<Rotation>1 0 0 0 1 0 0 0 1</Rotation>
<Translation>4.3982714866817583 0.26827705784244382 3.1692297237922382</Translation>
</Transform>
</Instance>
<Instance name="silo-3" uid="silo-3" entityUid="silo*:*Default">
<Transform>
<Rotation>0.99412116132964956 1.0575977611332457e-05 0.10827334152383619 -8.482368019088861e-06 0.99999999976806619 -1.9796895826342863e-05 -0.10827334170809547 1.8762098740144398e-05 0.99412116118878879</Rotation>
<Translation>-0.75887237333453617 0.71036003905063205 -3.7702783029584346</Translation>
</Transform>
</Instance>
<Instance name="silo-4" uid="silo-4" entityUid="silo*:*Default">
<Transform>
<Rotation>0.99412116132964956 1.0575977611332457e-05 0.10827334152383619 -8.482368019088861e-06 0.99999999976806619 -1.9796895826342863e-05 -0.10827334170809547 1.8762098740144398e-05 0.99412116118878879</Rotation>
<Translation>-0.75887237333453617 0.71036003905063216 -3.0202783029584346</Translation>
</Transform>
</Instance>
<Instance name="silo-2" uid="silo-2" entityUid="silo*:*Default">
<Transform>
<Rotation>0.99412116132964956 1.0575977611332457e-05 0.10827334152383619 -8.482368019088861e-06 0.99999999976806619 -1.9796895826342863e-05 -0.10827334170809547 1.8762098740144398e-05 0.99412116118878879</Rotation>
<Translation>-0.75887237333453617 0.71036003905063205 -4.5202783029584346</Translation>
</Transform>
</Instance>
<Instance name="silo-5" uid="silo-5" entityUid="silo*:*Default">
<Transform>
<Rotation>0.99412116132964956 1.0575977611332457e-05 0.10827334152383619 -8.482368019088861e-06 0.99999999976806619 -1.9796895826342863e-05 -0.10827334170809547 1.8762098740144398e-05 0.99412116118878879</Rotation>
<Translation>-0.75887237333453617 0.71036003905063216 -2.2702783029584346</Translation>
</Transform>
</Instance>
</Instance>
<Instance name="seedling_full-1" uid="seedling_full-1" entityUid="seedling_full*:*Default">
<Transform>
<Rotation>1 0 0 0 -3.4914813388431334e-15 -1 0 1 -3.4914813388431334e-15</Rotation>
<Translation>-2.0198665595431025 -4.8874751918630723 0.13928109641066588</Translation>
</Transform>
</Instance>
</InstanceTree>
<Constraints>
</Constraints>
</RootAssembly>
<Assemblies>
<Assembly name="R1 Matlab Sim" uid="R1 Matlab Sim" version="562">
<ModelUnits mass="kilogram" length="millimeter"/>
<AssemblyFile name="R1 Matlab Sim.SLDASM" type="SolidWorks Assembly"/>
<Constraints>
<Coincident name="Coincident1">
<ConstraintGeometry geomType="plane">
<InstancePath>
<Uid>R1 Chassis 6.0^r1 new chassis final part-1</Uid>
</InstancePath>
<Position>0.7032315871161483 -0.045322180264991463 0.74154106594049374</Position>
<Axis>0.89493436160202777 2.7755575615628914e-16 0.44619781310980344</Axis>
</ConstraintGeometry>
<ConstraintGeometry geomType="plane">
<InstancePath>
<Uid>Omni wheel 127 part-1</Uid>
</InstancePath>
<Position>0 0 -0.022000000000000242</Position>
<Axis>1.3877787807814457e-16 0 -0.99999999999999967</Axis>
</ConstraintGeometry>
</Coincident>
<Concentric name="Concentric1">
<ConstraintGeometry geomType="cylinder">
<InstancePath>
<Uid>R1 Chassis 6.0^r1 new chassis final part-1</Uid>
</InstancePath>
<Position>0.69965184966974014 -0.045322180264991685 0.73975627468805527</Position>
<Axis>0.89493436160202777 2.7755575615628914e-16 0.44619781310980344</Axis>
</ConstraintGeometry>
<ConstraintGeometry geomType="circle">
<InstancePath>
<Uid>Omni wheel 127 part-1</Uid>
</InstancePath>
<Position>0 0 -0.022000000000000242</Position>
<Axis>1.3877787807814457e-16 0 -0.99999999999999967</Axis>
</ConstraintGeometry>
</Concentric>
<Coincident name="Coincident2">
<ConstraintGeometry geomType="plane">
<InstancePath>
<Uid>R1 Chassis 6.0^r1 new chassis final part-1</Uid>
</InstancePath>
<Position>0.27053248809540253 -0.045322180264992795 0.74154106594049418</Position>
<Axis>-0.89493436160202888 -8.1878948066105295e-16 0.44619781310980122</Axis>
</ConstraintGeometry>
<ConstraintGeometry geomType="plane">
<InstancePath>
<Uid>Omni wheel 127 part-3</Uid>
</InstancePath>
<Position>0 0 -0.021999999999999353</Position>
<Axis>0 -1.1102230246251565e-16 -1.0000000000000002</Axis>
</ConstraintGeometry>
</Coincident>
<Concentric name="Concentric2">
<ConstraintGeometry geomType="circle">
<InstancePath>
<Uid>R1 Chassis 6.0^r1 new chassis final part-1</Uid>
</InstancePath>
<Position>0.27053248809540253 -0.045322180264992795 0.74154106594049418</Position>
<Axis>0.89493436160202888 8.1878948066105295e-16 -0.44619781310980122</Axis>
</ConstraintGeometry>
<ConstraintGeometry geomType="circle">
<InstancePath>
<Uid>Omni wheel 127 part-3</Uid>
</InstancePath>
<Position>0 0 -0.021999999999999353</Position>
<Axis>0 -1.1102230246251565e-16 -1.0000000000000002</Axis>
</ConstraintGeometry>
</Concentric>
<Coincident name="Coincident3">
<ConstraintGeometry geomType="plane">
<InstancePath>
<Uid>R1 Chassis 6.0^r1 new chassis final part-1</Uid>
</InstancePath>
<Position>0.48688176424450091 -0.045322180264991241 0.36811429527119799</Position>
<Axis>1.609823385706477e-15 2.2898349882893854e-16 -1</Axis>
</ConstraintGeometry>
<ConstraintGeometry geomType="plane">
<InstancePath>
<Uid>Omni wheel 127 part-2</Uid>
</InstancePath>
<Position>1.6653345369377348e-16 0 0.00099999999999944578</Position>
<Axis>0 0 1</Axis>
</ConstraintGeometry>
</Coincident>
<Concentric name="Concentric3">
<ConstraintGeometry geomType="cylinder">
<InstancePath>
<Uid>R1 Chassis 6.0^r1 new chassis final part-1</Uid>
</InstancePath>
<Position>0.48688176424450003 -0.045322180264991241 0.37211429527119844</Position>
<Axis>1.609823385706477e-15 2.2898349882893854e-16 -1</Axis>
</ConstraintGeometry>
<ConstraintGeometry geomType="cylinder">
<InstancePath>
<Uid>Omni wheel 127 part-2</Uid>
</InstancePath>
<Position>1.1102230246251565e-16 0 -0.012000000000000011</Position>
<Axis>0 0 -0.99999999999999989</Axis>
</ConstraintGeometry>
</Concentric>
<Coincident name="Coincident4">
<ConstraintGeometry geomType="plane">
<InstancePath>
<Uid>R1 Chassis 6.0^r1 new chassis final part-1</Uid>
</InstancePath>
<Position>0.22900176424450258 0.25967781973500692 0.4145021259333479</Position>
<Axis>7.2164496600635175e-16 -2.310651670001107e-15 -1</Axis>
</ConstraintGeometry>
<ConstraintGeometry geomType="plane">
<InstancePath>
<Uid>Flipping_with_dual_shaft part-1</Uid>
</InstancePath>
<Position>-0.0084358047375996392 -0.0068541221285804976 -0.015206464097286876</Position>
<Axis>0 3.4694469519536142e-16 -1.0000000000000002</Axis>
</ConstraintGeometry>
</Coincident>
<Coincident name="Coincident5">
<ConstraintGeometry geomType="plane">
<InstancePath>
<Uid>R1 Chassis 6.0^r1 new chassis final part-1</Uid>
</InstancePath>
<Position>0.2447617642445028 0.25967781973500714 0.41851212593334797</Position>
<Axis>1 -1.8041124150158794e-15 1.27675647831893e-15</Axis>
</ConstraintGeometry>
<ConstraintGeometry geomType="plane">
<InstancePath>
<Uid>Flipping_with_dual_shaft part-1</Uid>
</InstancePath>
<Position>-0.0084358047375996392 -0.0068541221285804976 -0.015206464097286876</Position>
<Axis>1.0000000000000002 1.3877787807814457e-16 -2.2204460492503131e-16</Axis>
</ConstraintGeometry>
</Coincident>
<Coincident name="Coincident6">
<ConstraintGeometry geomType="plane">
<InstancePath>
<Uid>R1 Chassis 6.0^r1 new chassis final part-1</Uid>
</InstancePath>
<Position>0.72900176424449814 0.25967781973500714 0.41450212593334479</Position>
<Axis>1.7208456881689926e-15 -9.2287288921966137e-15 -0.99999999999999978</Axis>
</ConstraintGeometry>
<ConstraintGeometry geomType="plane">
<InstancePath>
<Uid>Flipping_with_dual_shaft part-2</Uid>
</InstancePath>
<Position>-0.0084358047375996392 -0.0068541221285800535 -0.01520646409728732</Position>
<Axis>1.1102230246251565e-16 1.6653345369377348e-16 -1</Axis>
</ConstraintGeometry>
</Coincident>
<Coincident name="Coincident7">
<ConstraintGeometry geomType="plane">
<InstancePath>
<Uid>R1 Chassis 6.0^r1 new chassis final part-1</Uid>
</InstancePath>
<Position>0.74476176424449836 0.25967781973500714 0.41851212593334486</Position>
<Axis>0.99999999999999989 -7.9936057773011271e-15 2.1649348980190553e-15</Axis>
</ConstraintGeometry>
<ConstraintGeometry geomType="plane">
<InstancePath>
<Uid>Flipping_with_dual_shaft part-2</Uid>
</InstancePath>
<Position>-0.0084358047375996392 -0.0068541221285800535 -0.01520646409728732</Position>
<Axis>1 0 -2.2204460492503131e-16</Axis>
</ConstraintGeometry>
</Coincident>
<Concentric name="Concentric4">
<ConstraintGeometry geomType="cylinder">
<InstancePath>
<Uid>Flipping_with_dual_shaft part-1</Uid>
</InstancePath>
<Position>0.022349195262400201 0.015024047667395735 0.046181366623217812</Position>
<Axis>1 -2.2204460492503131e-16 5.5511151231257827e-16</Axis>
</ConstraintGeometry>
<ConstraintGeometry geomType="cylinder">
<InstancePath>
<Uid>Flipping_with_dual_shaft gripper part.SLDASM-1</Uid>
</InstancePath>
<Position>0.087190188422391124 0.033167302980827928 0.056937928350062617</Position>
<Axis>-0.9999075000978741 -0.0016784752580733253 -0.013497183736910723</Axis>
</ConstraintGeometry>
</Concentric>
<Coincident name="Coincident9">
<ConstraintGeometry geomType="plane">
<InstancePath>
<Uid>Flipping_with_dual_shaft part-1</Uid>
</InstancePath>
<Position>0.024349195262400869 0.015024047667395735 0.046181366623217368</Position>
<Axis>1 -2.2204460492503131e-16 5.5511151231257827e-16</Axis>
</ConstraintGeometry>
<ConstraintGeometry geomType="plane">
<InstancePath>
<Uid>Flipping_with_dual_shaft gripper part.SLDASM-1</Uid>
</InstancePath>
<Position>0.04313028840582156 0.02094324204940734 0.047776184800120358</Position>
<Axis>-0.9999075000978741 -0.0016784752580734918 -0.013497183736910778</Axis>
</ConstraintGeometry>
</Coincident>
<Concentric name="Concentric6">
<ConstraintGeometry geomType="cylinder">
<InstancePath>
<Uid>Flipping_with_dual_shaft part-2</Uid>
</InstancePath>
<Position>-0.022950804737599917 0.015024047667396179 0.046181366623217368</Position>
<Axis>-1 3.0531133177191805e-16 -6.106226635438361e-16</Axis>
</ConstraintGeometry>
<ConstraintGeometry geomType="cylinder">
<InstancePath>
<Uid>Flipping_with_dual_shaft gripper part.SLDASM-2</Uid>
</InstancePath>
<Position>0.087190188422390236 0.033167302980827928 0.056937928350062172</Position>
<Axis>-0.99990750009787399 -0.0016784752580732976 -0.013497183736910723</Axis>
</ConstraintGeometry>
</Concentric>
<Coincident name="Coincident11">
<ConstraintGeometry geomType="plane">
<InstancePath>
<Uid>Flipping_with_dual_shaft part-2</Uid>
</InstancePath>
<Position>-0.024950804737599697 0.015024047667396179 0.046181366623217368</Position>
<Axis>-1 3.0531133177191805e-16 -6.106226635438361e-16</Axis>
</ConstraintGeometry>
<ConstraintGeometry geomType="plane">
<InstancePath>
<Uid>Flipping_with_dual_shaft gripper part.SLDASM-2</Uid>
</InstancePath>
<Position>-0.0084649385992294768 0.02085663272609084 0.047079730119296226</Position>
<Axis>0.9999075000978741 0.0016784752580737972 0.013497183736910778</Axis>
</ConstraintGeometry>
</Coincident>
<Concentric name="Concentric7">
<ConstraintGeometry geomType="cylinder">
<InstancePath>
<Uid>Flipping_with_dual_shaft gripper part.SLDASM-2</Uid>
</InstancePath>
<Position>-0.05103931301906961 0.085951173648169288 0.16941463717735239</Position>
<Axis>-1.1102230246251565e-15 -0.99235615751680117 0.12340687435669838</Axis>
</ConstraintGeometry>
<ConstraintGeometry geomType="cylinder">
<InstancePath>
<Uid>gripper v4 gear-1</Uid>
</InstancePath>
<Position>0.040000000000000036 -4.4408920985006262e-16 0</Position>
<Axis>-1 0 0</Axis>
</ConstraintGeometry>
</Concentric>
<Distance name="Distance1">
<ConstraintGeometry geomType="plane">
<InstancePath>
<Uid>gripper v4 gear-1</Uid>
</InstancePath>
<Position>0.0099999999999997868 0 0</Position>
<Axis>1 0 0</Axis>
</ConstraintGeometry>
<ConstraintGeometry geomType="plane">
<InstancePath>
<Uid>Flipping_with_dual_shaft gripper part.SLDASM-2</Uid>
</InstancePath>
<Position>-0.05103931301906961 0.085951173648169288 0.16941463717735239</Position>
<Axis>-1.1102230246251565e-15 -0.99235615751680117 0.12340687435669835</Axis>
</ConstraintGeometry>
</Distance>
<Concentric name="Concentric8">
<ConstraintGeometry geomType="cylinder">
<InstancePath>
<Uid>Flipping_with_dual_shaft gripper part.SLDASM-2</Uid>
</InstancePath>
<Position>-0.030431219442052182 0.07189430958650056 0.17144519175003481</Position>
<Axis>7.7715611723760958e-16 0.99235615751680117 -0.1234068743566995</Axis>
</ConstraintGeometry>
<ConstraintGeometry geomType="cylinder">
<InstancePath>
<Uid>spur_gear-1</Uid>
</InstancePath>
<Position>0.045614014764850053 0.00047107878964514072 -0.00035494595834961729</Position>
<Axis>-1.0000000000000002 0 0</Axis>
</ConstraintGeometry>
</Concentric>
<Concentric name="Concentric10">
<ConstraintGeometry geomType="cylinder">
<InstancePath>
<Uid>Flipping_with_dual_shaft gripper part.SLDASM-2</Uid>
</InstancePath>
<Position>0.06163526362945948 0.029278304806906963 0.17800678122738534</Position>
<Axis>-7.2164496600635175e-16 -0.99235615751680128 0.12340687435669848</Axis>
</ConstraintGeometry>
<ConstraintGeometry geomType="cylinder">
<InstancePath>
<Uid>spur_gear-4</Uid>
</InstancePath>
<Position>0.045614014764850053 0.00047107878964558481 -0.00035494595835006137</Position>
<Axis>-1.0000000000000002 0 1.5265566588595902e-16</Axis>
</ConstraintGeometry>
</Concentric>
<Concentric name="Concentric11">
<ConstraintGeometry geomType="cylinder">
<InstancePath>
<Uid>Flipping_with_dual_shaft gripper part.SLDASM-2</Uid>
</InstancePath>
<Position>0.08224335720647602 0.012740550351451052 0.18034585298595918</Position>
<Axis>1.1102230246251565e-15 0.9923561575168014 -0.12340687435669812</Axis>
</ConstraintGeometry>
<ConstraintGeometry geomType="circle">
<InstancePath>
<Uid>gripper v4 gear-2</Uid>
</InstancePath>
<Position>0 0 0</Position>
<Axis>-1 2.4980018054066022e-16 2.4286128663675299e-16</Axis>
</ConstraintGeometry>
</Concentric>
<Distance name="Distance2">
<ConstraintGeometry geomType="plane">
<InstancePath>
<Uid>gripper v4 gear-2</Uid>
</InstancePath>
<Position>0.010000000000000009 0 -4.4408920985006262e-16</Position>
<Axis>1 -2.4980018054066022e-16 -2.4286128663675299e-16</Axis>
</ConstraintGeometry>
<ConstraintGeometry geomType="plane">
<InstancePath>
<Uid>Flipping_with_dual_shaft gripper part.SLDASM-2</Uid>
</InstancePath>
<Position>0.08224335720647602 0.012740550351451052 0.18034585298595918</Position>
<Axis>1.1379786002407855e-15 0.99235615751680128 -0.12340687435669813</Axis>
</ConstraintGeometry>
</Distance>
<Concentric name="Concentric13">
<ConstraintGeometry geomType="cylinder">
<InstancePath>
<Uid>Flipping_with_dual_shaft gripper part.SLDASM-1</Uid>
</InstancePath>
<Position>-0.030431219442051294 0.071894309586500116 0.17144519175003436</Position>
<Axis>6.6613381477509392e-16 0.99235615751680117 -0.12340687435669961</Axis>
</ConstraintGeometry>
<ConstraintGeometry geomType="cylinder">
<InstancePath>
<Uid>spur_gear-3</Uid>
</InstancePath>
<Position>0.045614014764849831 0.00047107878964469663 -0.00035494595834961729</Position>
<Axis>-1 -1.5265566588595902e-16 0</Axis>
</ConstraintGeometry>
</Concentric>
<Concentric name="Concentric15">
<ConstraintGeometry geomType="cylinder">
<InstancePath>
<Uid>Flipping_with_dual_shaft gripper part.SLDASM-1</Uid>
</InstancePath>
<Position>-0.051039313019068722 0.08595117364816951 0.16941463717735106</Position>
<Axis>-9.7144514654701197e-16 -0.99235615751680106 0.12340687435669848</Axis>
</ConstraintGeometry>
<ConstraintGeometry geomType="cylinder">
<InstancePath>
<Uid>gripper v4 gear-4</Uid>
</InstancePath>
<Position>0.040000000000000036 -4.4408920985006262e-16 -8.8817841970012523e-16</Position>
<Axis>-1 0 1.1102230246251565e-16</Axis>
</ConstraintGeometry>
</Concentric>
<Distance name="Distance3">
<ConstraintGeometry geomType="plane">
<InstancePath>
<Uid>gripper v4 gear-4</Uid>
</InstancePath>
<Position>0.0099999999999997868 0 -8.8817841970012523e-16</Position>
<Axis>1 0 -1.1102230246251565e-16</Axis>
</ConstraintGeometry>
<ConstraintGeometry geomType="plane">
<InstancePath>
<Uid>Flipping_with_dual_shaft gripper part.SLDASM-1</Uid>
</InstancePath>
<Position>-0.051039313019068722 0.08595117364816951 0.16941463717735106</Position>
<Axis>-9.9920072216264089e-16 -0.99235615751680106 0.12340687435669845</Axis>
</ConstraintGeometry>
</Distance>
<Concentric name="Concentric16">
<ConstraintGeometry geomType="cylinder">
<InstancePath>
<Uid>Flipping_with_dual_shaft gripper part.SLDASM-1</Uid>
</InstancePath>
<Position>0.082243357206476908 0.01274055035145083 0.18034585298595829</Position>
<Axis>1.0824674490095276e-15 0.99235615751680106 -0.12340687435669817</Axis>
</ConstraintGeometry>
<ConstraintGeometry geomType="cylinder">
<InstancePath>
<Uid>gripper v4 gear-3</Uid>
</InstancePath>
<Position>0.040000000000000258 0 8.8817841970012523e-16</Position>
<Axis>-1.0000000000000002 0 0</Axis>
</ConstraintGeometry>
</Concentric>
<Distance name="Distance4">
<ConstraintGeometry geomType="plane">
<InstancePath>
<Uid>gripper v4 gear-3</Uid>
</InstancePath>
<Position>0.010000000000000231 0 0</Position>
<Axis>1.0000000000000002 0 0</Axis>
</ConstraintGeometry>
<ConstraintGeometry geomType="plane">
<InstancePath>
<Uid>Flipping_with_dual_shaft gripper part.SLDASM-1</Uid>
</InstancePath>
<Position>0.082243357206476908 0.01274055035145083 0.18034585298595829</Position>
<Axis>1.0824674490095276e-15 0.99235615751680095 -0.1234068743566982</Axis>
</ConstraintGeometry>
</Distance>
<Concentric name="Concentric17">
<ConstraintGeometry geomType="cylinder">
<InstancePath>
<Uid>Flipping_with_dual_shaft gripper part.SLDASM-1</Uid>
</InstancePath>
<Position>0.06163526362945948 0.026797414413114673 0.17831529841327631</Position>
<Axis>-6.106226635438361e-16 -0.99235615751680117 0.12340687435669856</Axis>
</ConstraintGeometry>
<ConstraintGeometry geomType="circle">
<InstancePath>
<Uid>spur_gear-2</Uid>
</InstancePath>
<Position>0.0046139639648499209 0.00047107878964514072 -0.00035494595834872911</Position>
<Axis>1 0 0</Axis>
</ConstraintGeometry>
</Concentric>
<Distance name="Distance10">
<ConstraintGeometry geomType="plane">
<InstancePath>
<Uid>Flipping_with_dual_shaft gripper part.SLDASM-1</Uid>
</InstancePath>
<Position>0.06163526362945948 0.024812702098081507 0.17856211216198892</Position>
<Axis>-6.106226635438361e-16 -0.99235615751680117 0.12340687435669856</Axis>
</ConstraintGeometry>
<ConstraintGeometry geomType="plane">
<InstancePath>
<Uid>spur_gear-2</Uid>
</InstancePath>
<Position>0.0046139639648499209 0.00047107878964514072 -0.00035494595834872911</Position>
<Axis>1 0 0</Axis>
</ConstraintGeometry>
</Distance>
<Distance name="Distance11">
<ConstraintGeometry geomType="plane">
<InstancePath>
<Uid>spur_gear-3</Uid>
</InstancePath>
<Position>0.0046139639648501429 0.00047107878964514072 -0.00035494595834961729</Position>
<Axis>1 1.5265566588595902e-16 0</Axis>
</ConstraintGeometry>
<ConstraintGeometry geomType="plane">
<InstancePath>
<Uid>Flipping_with_dual_shaft gripper part.SLDASM-1</Uid>
</InstancePath>
<Position>-0.030431219442051294 0.073879021901533948 0.17119837800132087</Position>
<Axis>6.6613381477509392e-16 0.99235615751680117 -0.12340687435669961</Axis>
</ConstraintGeometry>
</Distance>
<Distance name="Distance12">
<ConstraintGeometry geomType="plane">
<InstancePath>
<Uid>Flipping_with_dual_shaft gripper part.SLDASM-2</Uid>
</InstancePath>
<Position>-0.030431219442052182 0.073879021901533726 0.17119837800132176</Position>
<Axis>7.7715611723760958e-16 0.99235615751680117 -0.1234068743566995</Axis>
</ConstraintGeometry>
<ConstraintGeometry geomType="plane">
<InstancePath>
<Uid>spur_gear-1</Uid>
</InstancePath>
<Position>0.0046139639648501429 0.00047107878964558481 -0.00035494595834961729</Position>
<Axis>1.0000000000000002 0 0</Axis>
</ConstraintGeometry>
</Distance>
<Distance name="Distance13">
<ConstraintGeometry geomType="plane">
<InstancePath>
<Uid>spur_gear-4</Uid>
</InstancePath>
<Position>0.0046139639648499209 0.00047107878964558481 -0.00035494595835006137</Position>
<Axis>1.0000000000000002 0 -1.5265566588595902e-16</Axis>
</ConstraintGeometry>
<ConstraintGeometry geomType="plane">
<InstancePath>
<Uid>Flipping_with_dual_shaft gripper part.SLDASM-2</Uid>
</InstancePath>
<Position>0.06163526362945948 0.024812702098081285 0.17856211216199025</Position>
<Axis>-7.2164496600635175e-16 -0.99235615751680128 0.12340687435669848</Axis>
</ConstraintGeometry>
</Distance>
<Distance name="Distance15">
<ConstraintGeometry geomType="plane">
<InstancePath>
<Uid>Flipping_with_dual_shaft gripper part.SLDASM-1</Uid>
</InstancePath>
<Position>-0.053286502947239356 0.026458635244395401 0.092127315372915408</Position>
<Axis>-7.2164496600635175e-16 -0.99235615751680606 0.12340687435665866</Axis>
</ConstraintGeometry>
<ConstraintGeometry geomType="plane">
<InstancePath>
<Uid>R1 Chassis 6.0^r1 new chassis final part-1</Uid>
</InstancePath>
<Position>0.25290154358457162 -0.020231036848774586 0.38663709554725667</Position>
<Axis>2.1371793224034263e-15 1 -2.6367796834847468e-15</Axis>
</ConstraintGeometry>
</Distance>
<Parallel name="Parallel3">
<ConstraintGeometry geomType="plane">
<InstancePath>
<Uid>gripper v4 gear-1</Uid>
</InstancePath>
<Position>-0.072801098892805172 -4.4408920985006262e-16 -0.019999999999999574</Position>
<Axis>0 1.1102230246251565e-16 -1.0000000000000002</Axis>
</ConstraintGeometry>
<ConstraintGeometry geomType="plane">
<InstancePath>
<Uid>Flipping_with_dual_shaft gripper part.SLDASM-2</Uid>
</InstancePath>
<Position>-0.070255258741790172 0.062084720909281632 0.21492246399620951</Position>
<Axis>-0.99990750009787388 -0.0016784752580742135 -0.013497183736912388</Axis>
</ConstraintGeometry>
</Parallel>
<Parallel name="Parallel4">
<ConstraintGeometry geomType="plane">
<InstancePath>
<Uid>gripper v4 gear-1</Uid>
</InstancePath>
<Position>-0.072801098892805172 -4.4408920985006262e-16 -0.019999999999999574</Position>
<Axis>0 1.1102230246251565e-16 -1.0000000000000002</Axis>
</ConstraintGeometry>
<ConstraintGeometry geomType="plane">
<InstancePath>
<Uid>spur_gear-1</Uid>
</InstancePath>
<Position>-0.005386036035150088 0.067316883848408837 -0.0056121644287809858</Position>
<Axis>0 0.22252093395631678 -0.97492791218182329</Axis>
</ConstraintGeometry>
</Parallel>
<Parallel name="Parallel6">
<ConstraintGeometry geomType="plane">
<InstancePath>
<Uid>Flipping_with_dual_shaft gripper part.SLDASM-1</Uid>
</InstancePath>
<Position>-0.070255258741789284 0.062084720909281854 0.21492246399620862</Position>
<Axis>-0.9999075000978741 -0.0016784752580740747 -0.013497183736912499</Axis>
</ConstraintGeometry>
<ConstraintGeometry geomType="plane">
<InstancePath>
<Uid>gripper v4 gear-4</Uid>
</InstancePath>
<Position>-0.072801098892805172 4.4408920985006262e-16 -0.020000000000000462</Position>
<Axis>0 1.1102230246251565e-16 -1</Axis>
</ConstraintGeometry>
</Parallel>
<Parallel name="Parallel7">
<ConstraintGeometry geomType="plane">
<InstancePath>
<Uid>spur_gear-3</Uid>
</InstancePath>
<Position>-0.005386036035150088 0.067316883848408171 -0.0056121644287809858</Position>
<Axis>0 0.22252093395631695 -0.97492791218182306</Axis>
</ConstraintGeometry>
<ConstraintGeometry geomType="plane">
<InstancePath>
<Uid>gripper v4 gear-4</Uid>
</InstancePath>
<Position>-0.072801098892805172 4.4408920985006262e-16 -0.020000000000000462</Position>
<Axis>0 1.1102230246251565e-16 -1</Axis>
</ConstraintGeometry>
</Parallel>
</Constraints>
</Assembly>
<Assembly name="arena_complete" uid="arena_complete" version="272">
<ModelUnits mass="kilogram" length="millimeter"/>
<AssemblyFile name="arena_complete.SLDASM" type="SolidWorks Assembly"/>
</Assembly>
</Assemblies>
<Parts>
<Part name="Flipping_with_dual_shaft gripper part.SLDASM" uid="Flipping_with_dual_shaft gripper part.SLDASM*:*Default" version="113">
<ModelUnits mass="kilogram" length="millimeter"/>
<PartFile name="Flipping_with_dual_shaft gripper part.SLDASM.SLDPRT" type="SolidWorks Part"/>
<MassProperties>
<Mass>0.21267879728270481</Mass>
<CenterOfMass>0.015968895138626957 0.045573523017052545 0.14706475477264469</CenterOfMass>
<Inertia>0.0002738623699250384 0.00088688335576195439 0.00067515093920744122 -3.0648250783902551e-05 -4.3505726420980762e-06 -9.7111063468867741e-06</Inertia>
</MassProperties>
<GeometryFile name="Flipping_with_dual_shaft gripper part.SLDASM_Default_sldprt.STL" type="STL"/>
<VisualProperties>
<Ambient r="0.792156862745098" g="0.81960784313725488" b="0.93333333333333335" a="1"/>
<Diffuse r="0.792156862745098" g="0.81960784313725488" b="0.93333333333333335" a="1"/>
<Specular r="0.396078431372549" g="0.40980392156862744" b="0.46666666666666667" a="1"/>
<Emissive r="0" g="0" b="0" a="1"/>
<Shininess>0.3125</Shininess>
</VisualProperties>
</Part>
<Part name="Flipping_with_dual_shaft part" uid="Flipping_with_dual_shaft part*:*Default" version="111">
<ModelUnits mass="kilogram" length="millimeter"/>
<PartFile name="Flipping_with_dual_shaft part.SLDPRT" type="SolidWorks Part"/>
<MassProperties>
<Mass>0.13075346127818885</Mass>
<CenterOfMass>-0.001390732748256846 0.0105603306440894 0.020383054005478914</CenterOfMass>
<Inertia>0.00011039696716751246 0.00015008432980026767 8.2075722356501928e-05 1.1799770408518854e-05 -1.5855933041369415e-06 8.4899772530964883e-07</Inertia>
</MassProperties>
<GeometryFile name="Flipping_with_dual_shaft part_Default_sldprt.STL" type="STL"/>
<VisualProperties>
<Ambient r="0.792156862745098" g="0.81960784313725488" b="0.93333333333333335" a="1"/>
<Diffuse r="0.792156862745098" g="0.81960784313725488" b="0.93333333333333335" a="1"/>
<Specular r="0.396078431372549" g="0.40980392156862744" b="0.46666666666666667" a="1"/>
<Emissive r="0" g="0" b="0" a="1"/>
<Shininess>0.3125</Shininess>
</VisualProperties>
</Part>
<Part name="Omni wheel 127 part" uid="Omni wheel 127 part*:*Default" version="177">
<ModelUnits mass="kilogram" length="millimeter"/>
<PartFile name="Omni wheel 127 part.SLDPRT" type="SolidWorks Part"/>
<MassProperties>
<Mass>0.65000000000000002</Mass>
<CenterOfMass>-1.1704407156607755e-13 -2.3041331235080331e-14 -0.010498322024629001</CenterOfMass>
<Inertia>0.00077985494390056987 0.00077985494389318591 0.0014407793152917501 -6.1104266171635465e-15 -5.7917065321596008e-15 5.1924590039705493e-15</Inertia>
</MassProperties>
<GeometryFile name="Omni wheel 127 part_Default_sldprt.STL" type="STL"/>
<VisualProperties>
<Ambient r="0.792156862745098" g="0.81960784313725488" b="0.93333333333333335" a="1"/>
<Diffuse r="0.792156862745098" g="0.81960784313725488" b="0.93333333333333335" a="1"/>
<Specular r="0.396078431372549" g="0.40980392156862744" b="0.46666666666666667" a="1"/>
<Emissive r="0" g="0" b="0" a="1"/>
<Shininess>0.3125</Shininess>
</VisualProperties>
</Part>
